0: (1, 1) (2, 4) (3, 6) (4, 5) (5, 3) (6, 2) 
1: (1, 1) (2, 5) (3, 4) (4, 6) (5, 3) (6, 2) 
2: (1, 1) (2, 6) (3, 5) (4, 2) (5, 4) (6, 3) 
3: (1, 1) (2, 6) (3, 5) (4, 3) (5, 2) (6, 4) 
4: (1, 2) (2, 4) (3, 6) (4, 1) (5, 3) (6, 5) 
5: (1, 2) (2, 4) (3, 6) (4, 3) (5, 5) (6, 1) 
6: (1, 2) (2, 5) (3, 1) (4, 6) (5, 4) (6, 3) 
7: (1, 2) (2, 5) (3, 3) (4, 6) (5, 1) (6, 4) 
8: (1, 2) (2, 5) (3, 3) (4, 6) (5, 4) (6, 1) 
9: (1, 2) (2, 6) (3, 5) (4, 3) (5, 1) (6, 4) 
10: (1, 2) (2, 6) (3, 5) (4, 4) (5, 1) (6, 3) 
11: (1, 2) (2, 6) (3, 5) (4, 4) (5, 3) (6, 1) 
12: (1, 3) (2, 1) (3, 6) (4, 5) (5, 2) (6, 4) 
13: (1, 3) (2, 2) (3, 6) (4, 5) (5, 1) (6, 4) 
14: (1, 3) (2, 2) (3, 6) (4, 5) (5, 4) (6, 1) 
15: (1, 3) (2, 5) (3, 1) (4, 4) (5, 6) (6, 2) 
16: (1, 3) (2, 5) (3, 2) (4, 1) (5, 6) (6, 4) 
17: (1, 3) (2, 5) (3, 2) (4, 4) (5, 6) (6, 1) 
18: (1, 3) (2, 5) (3, 4) (4, 2) (5, 1) (6, 6) 
19: (1, 3) (2, 6) (3, 1) (4, 4) (5, 2) (6, 5) 
20: (1, 3) (2, 6) (3, 1) (4, 5) (5, 4) (6, 2) 
21: (1, 3) (2, 6) (3, 2) (4, 1) (5, 5) (6, 4) 
22: (1, 3) (2, 6) (3, 2) (4, 5) (5, 1) (6, 4) 
23: (1, 3) (2, 6) (3, 4) (4, 1) (5, 5) (6, 2) 
24: (1, 3) (2, 6) (3, 4) (4, 2) (5, 1) (6, 5) 
25: (1, 3) (2, 6) (3, 4) (4, 2) (5, 5) (6, 1) 
26: (1, 4) (2, 1) (3, 5) (4, 2) (5, 6) (6, 3) 
27: (1, 4) (2, 2) (3, 5) (4, 3) (5, 6) (6, 1) 
28: (1, 4) (2, 3) (3, 1) (4, 6) (5, 2) (6, 5) 
29: (1, 4) (2, 3) (3, 1) (4, 6) (5, 5) (6, 2) 
30: (1, 4) (2, 3) (3, 2) (4, 6) (5, 5) (6, 1) 
31: (1, 4) (2, 3) (3, 5) (4, 2) (5, 1) (6, 6) 
32: (1, 4) (2, 6) (3, 1) (4, 3) (5, 5) (6, 2) 
33: (1, 4) (2, 6) (3, 2) (4, 5) (5, 1) (6, 3) 
34: (1, 4) (2, 6) (3, 2) (4, 5) (5, 3) (6, 1) 
35: (1, 4) (2, 6) (3, 3) (4, 2) (5, 1) (6, 5) 
36: (1, 4) (2, 6) (3, 3) (4, 5) (5, 2) (6, 1) 
37: (1, 4) (2, 6) (3, 5) (4, 1) (5, 3) (6, 2) 
38: (1, 4) (2, 6) (3, 5) (4, 2) (5, 1) (6, 3) 
39: (1, 4) (2, 6) (3, 5) (4, 3) (5, 2) (6, 1) 
40: (1, 5) (2, 1) (3, 3) (4, 6) (5, 2) (6, 4) 
41: (1, 5) (2, 1) (3, 4) (4, 6) (5, 3) (6, 2) 
42: (1, 5) (2, 1) (3, 6) (4, 4) (5, 3) (6, 2) 
43: (1, 5) (2, 2) (3, 1) (4, 6) (5, 4) (6, 3) 
44: (1, 5) (2, 2) (3, 4) (4, 6) (5, 1) (6, 3) 
45: (1, 5) (2, 2) (3, 4) (4, 6) (5, 3) (6, 1) 
46: (1, 5) (2, 2) (3, 6) (4, 3) (5, 1) (6, 4) 
47: (1, 5) (2, 3) (3, 1) (4, 6) (5, 4) (6, 2) 
48: (1, 5) (2, 3) (3, 2) (4, 6) (5, 1) (6, 4) 
49: (1, 5) (2, 3) (3, 6) (4, 1) (5, 4) (6, 2) 
50: (1, 5) (2, 3) (3, 6) (4, 2) (5, 4) (6, 1) 
51: (1, 5) (2, 3) (3, 6) (4, 4) (5, 2) (6, 1) 
52: (1, 5) (2, 4) (3, 1) (4, 3) (5, 2) (6, 6) 
53: (1, 5) (2, 4) (3, 1) (4, 3) (5, 6) (6, 2) 
54: (1, 5) (2, 4) (3, 2) (4, 1) (5, 3) (6, 6) 
55: (1, 5) (2, 4) (3, 3) (4, 1) (5, 6) (6, 2) 
56: (1, 5) (2, 4) (3, 3) (4, 2) (5, 6) (6, 1) 
57: (1, 5) (2, 4) (3, 6) (4, 1) (5, 3) (6, 2) 
58: (1, 5) (2, 4) (3, 6) (4, 2) (5, 1) (6, 3) 
59: (1, 5) (2, 4) (3, 6) (4, 3) (5, 2) (6, 1) 
60: (1, 6) (2, 1) (3, 3) (4, 5) (5, 2) (6, 4) 
61: (1, 6) (2, 1) (3, 4) (4, 2) (5, 5) (6, 3) 
62: (1, 6) (2, 1) (3, 5) (4, 4) (5, 3) (6, 2) 
63: (1, 6) (2, 2) (3, 1) (4, 5) (5, 4) (6, 3) 
64: (1, 6) (2, 2) (3, 4) (4, 1) (5, 3) (6, 5) 
65: (1, 6) (2, 2) (3, 5) (4, 3) (5, 1) (6, 4) 
66: (1, 6) (2, 3) (3, 1) (4, 4) (5, 2) (6, 5) 
67: (1, 6) (2, 3) (3, 2) (4, 1) (5, 5) (6, 4) 
68: (1, 6) (2, 3) (3, 5) (4, 1) (5, 4) (6, 2) 
69: (1, 6) (2, 3) (3, 5) (4, 2) (5, 4) (6, 1) 
70: (1, 6) (2, 3) (3, 5) (4, 4) (5, 2) (6, 1) 
71: (1, 6) (2, 4) (3, 1) (4, 3) (5, 5) (6, 2) 
72: (1, 6) (2, 4) (3, 2) (4, 5) (5, 1) (6, 3) 
73: (1, 6) (2, 4) (3, 2) (4, 5) (5, 3) (6, 1) 
74: (1, 6) (2, 4) (3, 3) (4, 2) (5, 1) (6, 5) 
75: (1, 6) (2, 4) (3, 3) (4, 5) (5, 2) (6, 1) 
76: (1, 6) (2, 5) (3, 2) (4, 4) (5, 1) (6, 3) 
77: (1, 6) (2, 5) (3, 2) (4, 4) (5, 3) (6, 1) 
78: (1, 6) (2, 5) (3, 3) (4, 1) (5, 4) (6, 2) 
79: (1, 6) (2, 5) (3, 3) (4, 2) (5, 4) (6, 1) 
80: (1, 6) (2, 5) (3, 4) (4, 1) (5, 3) (6, 2) 
81: (1, 6) (2, 5) (3, 4) (4, 2) (5, 1) (6, 3) 
82: (1, 6) (2, 5) (3, 4) (4, 3) (5, 2) (6, 1) 
0: (1, 1) (2, 4) (3, 6) (4, 5) (5, 3) (6, 2) 
1: (1, 1) (2, 5) (3, 4) (4, 6) (5, 3) (6, 2) 
2: (1, 1) (2, 6) (3, 5) (4, 2) (5, 4) (6, 3) 
3: (1, 1) (2, 6) (3, 5) (4, 3) (5, 2) (6, 4) 
4: (1, 2) (2, 4) (3, 6) (4, 1) (5, 3) (6, 5) 
5: (1, 2) (2, 4) (3, 6) (4, 3) (5, 5) (6, 1) 
6: (1, 2) (2, 5) (3, 1) (4, 6) (5, 4) (6, 3) 
7: (1, 2) (2, 5) (3, 3) (4, 6) (5, 1) (6, 4) 
8: (1, 2) (2, 5) (3, 3) (4, 6) (5, 4) (6, 1) 
9: (1, 2) (2, 6) (3, 5) (4, 3) (5, 1) (6, 4) 
10: (1, 2) (2, 6) (3, 5) (4, 4) (5, 1) (6, 3) 
11: (1, 2) (2, 6) (3, 5) (4, 4) (5, 3) (6, 1) 
12: (1, 3) (2, 1) (3, 6) (4, 5) (5, 2) (6, 4) 
13: (1, 3) (2, 2) (3, 6) (4, 5) (5, 1) (6, 4) 
14: (1, 3) (2, 2) (3, 6) (4, 5) (5, 4) (6, 1) 
15: (1, 3) (2, 5) (3, 1) (4, 4) (5, 6) (6, 2) 
16: (1, 3) (2, 5) (3, 2) (4, 1) (5, 6) (6, 4) 
17: (1, 3) (2, 5) (3, 2) (4, 4) (5, 6) (6, 1) 
18: (1, 3) (2, 5) (3, 4) (4, 2) (5, 1) (6, 6) 
19: (1, 3) (2, 6) (3, 1) (4, 4) (5, 2) (6, 5) 
20: (1, 3) (2, 6) (3, 1) (4, 5) (5, 4) (6, 2) 
21: (1, 3) (2, 6) (3, 2) (4, 1) (5, 5) (6, 4) 
22: (1, 3) (2, 6) (3, 2) (4, 5) (5, 1) (6, 4) 
23: (1, 3) (2, 6) (3, 4) (4, 1) (5, 5) (6, 2) 
24: (1, 3) (2, 6) (3, 4) (4, 2) (5, 1) (6, 5) 
25: (1, 3) (2, 6) (3, 4) (4, 2) (5, 5) (6, 1) 
26: (1, 4) (2, 1) (3, 5) (4, 2) (5, 6) (6, 3) 
27: (1, 4) (2, 2) (3, 5) (4, 3) (5, 6) (6, 1) 
28: (1, 4) (2, 3) (3, 1) (4, 6) (5, 2) (6, 5) 
29: (1, 4) (2, 3) (3, 1) (4, 6) (5, 5) (6, 2) 
30: (1, 4) (2, 3) (3, 2) (4, 6) (5, 5) (6, 1) 
31: (1, 4) (2, 3) (3, 5) (4, 2) (5, 1) (6, 6) 
32: (1, 4) (2, 6) (3, 1) (4, 3) (5, 5) (6, 2) 
33: (1, 4) (2, 6) (3, 2) (4, 5) (5, 1) (6, 3) 
34: (1, 4) (2, 6) (3, 2) (4, 5) (5, 3) (6, 1) 
35: (1, 4) (2, 6) (3, 3) (4, 2) (5, 1) (6, 5) 
36: (1, 4) (2, 6) (3, 3) (4, 5) (5, 2) (6, 1) 
37: (1, 4) (2, 6) (3, 5) (4, 1) (5, 3) (6, 2) 
38: (1, 4) (2, 6) (3, 5) (4, 2) (5, 1) (6, 3) 
39: (1, 4) (2, 6) (3, 5) (4, 3) (5, 2) (6, 1) 
40: (1, 5) (2, 1) (3, 3) (4, 6) (5, 2) (6, 4) 
41: (1, 5) (2, 1) (3, 4) (4, 6) (5, 3) (6, 2) 
42: (1, 5) (2, 1) (3, 6) (4, 4) (5, 3) (6, 2) 
43: (1, 5) (2, 2) (3, 1) (4, 6) (5, 4) (6, 3) 
44: (1, 5) (2, 2) (3, 4) (4, 6) (5, 1) (6, 3) 
45: (1, 5) (2, 2) (3, 4) (4, 6) (5, 3) (6, 1) 
46: (1, 5) (2, 2) (3, 6) (4, 3) (5, 1) (6, 4) 
47: (1, 5) (2, 3) (3, 1) (4, 6) (5, 4) (6, 2) 
48: (1, 5) (2, 3) (3, 2) (4, 6) (5, 1) (6, 4) 
49: (1, 5) (2, 3) (3, 6) (4, 1) (5, 4) (6, 2) 
50: (1, 5) (2, 3) (3, 6) (4, 2) (5, 4) (6, 1) 
51: (1, 5) (2, 3) (3, 6) (4, 4) (5, 2) (6, 1) 
52: (1, 5) (2, 4) (3, 1) (4, 3) (5, 2) (6, 6) 
53: (1, 5) (2, 4) (3, 1) (4, 3) (5, 6) (6, 2) 
54: (1, 5) (2, 4) (3, 2) (4, 1) (5, 3) (6, 6) 
55: (1, 5) (2, 4) (3, 3) (4, 1) (5, 6) (6, 2) 
56: (1, 5) (2, 4) (3, 3) (4, 2) (5, 6) (6, 1) 
57: (1, 5) (2, 4) (3, 6) (4, 1) (5, 3) (6, 2) 
58: (1, 5) (2, 4) (3, 6) (4, 2) (5, 1) (6, 3) 
59: (1, 5) (2, 4) (3, 6) (4, 3) (5, 2) (6, 1) 
60: (1, 6) (2, 1) (3, 3) (4, 5) (5, 2) (6, 4) 
61: (1, 6) (2, 1) (3, 4) (4, 2) (5, 5) (6, 3) 
62: (1, 6) (2, 1) (3, 5) (4, 4) (5, 3) (6, 2) 
63: (1, 6) (2, 2) (3, 1) (4, 5) (5, 4) (6, 3) 
64: (1, 6) (2, 2) (3, 4) (4, 1) (5, 3) (6, 5) 
65: (1, 6) (2, 2) (3, 5) (4, 3) (5, 1) (6, 4) 
66: (1, 6) (2, 3) (3, 1) (4, 4) (5, 2) (6, 5) 
67: (1, 6) (2, 3) (3, 2) (4, 1) (5, 5) (6, 4) 
68: (1, 6) (2, 3) (3, 5) (4, 1) (5, 4) (6, 2) 
69: (1, 6) (2, 3) (3, 5) (4, 2) (5, 4) (6, 1) 
70: (1, 6) (2, 3) (3, 5) (4, 4) (5, 2) (6, 1) 
71: (1, 6) (2, 4) (3, 1) (4, 3) (5, 5) (6, 2) 
72: (1, 6) (2, 4) (3, 2) (4, 5) (5, 1) (6, 3) 
73: (1, 6) (2, 4) (3, 2) (4, 5) (5, 3) (6, 1) 
74: (1, 6) (2, 4) (3, 3) (4, 2) (5, 1) (6, 5) 
75: (1, 6) (2, 4) (3, 3) (4, 5) (5, 2) (6, 1) 
76: (1, 6) (2, 5) (3, 2) (4, 4) (5, 1) (6, 3) 
77: (1, 6) (2, 5) (3, 2) (4, 4) (5, 3) (6, 1) 
78: (1, 6) (2, 5) (3, 3) (4, 1) (5, 4) (6, 2) 
79: (1, 6) (2, 5) (3, 3) (4, 2) (5, 4) (6, 1) 
80: (1, 6) (2, 5) (3, 4) (4, 1) (5, 3) (6, 2) 
81: (1, 6) (2, 5) (3, 4) (4, 2) (5, 1) (6, 3) 
82: (1, 6) (2, 5) (3, 4) (4, 3) (5, 2) (6, 1) 
166: (1, 1) (2, 4) (3, 6) (4, 5) (5, 3) (6, 2) 
167: (1, 1) (2, 5) (3, 4) (4, 6) (5, 3) (6, 2) 
168: (1, 1) (2, 6) (3, 5) (4, 2) (5, 4) (6, 3) 
169: (1, 1) (2, 6) (3, 5) (4, 3) (5, 2) (6, 4) 
170: (1, 2) (2, 4) (3, 6) (4, 1) (5, 3) (6, 5) 
171: (1, 2) (2, 4) (3, 6) (4, 3) (5, 5) (6, 1) 
172: (1, 2) (2, 5) (3, 1) (4, 6) (5, 4) (6, 3) 
173: (1, 2) (2, 5) (3, 3) (4, 6) (5, 1) (6, 4) 
174: (1, 2) (2, 5) (3, 3) (4, 6) (5, 4) (6, 1) 
175: (1, 2) (2, 6) (3, 5) (4, 3) (5, 1) (6, 4) 
176: (1, 2) (2, 6) (3, 5) (4, 4) (5, 1) (6, 3) 
177: (1, 2) (2, 6) (3, 5) (4, 4) (5, 3) (6, 1) 
178: (1, 3) (2, 1) (3, 6) (4, 5) (5, 2) (6, 4) 
179: (1, 3) (2, 2) (3, 6) (4, 5) (5, 1) (6, 4) 
180: (1, 3) (2, 2) (3, 6) (4, 5) (5, 4) (6, 1) 
181: (1, 3) (2, 5) (3, 1) (4, 4) (5, 6) (6, 2) 
182: (1, 3) (2, 5) (3, 2) (4, 1) (5, 6) (6, 4) 
183: (1, 3) (2, 5) (3, 2) (4, 4) (5, 6) (6, 1) 
184: (1, 3) (2, 5) (3, 4) (4, 2) (5, 1) (6, 6) 
185: (1, 3) (2, 6) (3, 1) (4, 4) (5, 2) (6, 5) 
186: (1, 3) (2, 6) (3, 1) (4, 5) (5, 4) (6, 2) 
187: (1, 3) (2, 6) (3, 2) (4, 1) (5, 5) (6, 4) 
188: (1, 3) (2, 6) (3, 2) (4, 5) (5, 1) (6, 4) 
189: (1, 3) (2, 6) (3, 4) (4, 1) (5, 5) (6, 2) 
190: (1, 3) (2, 6) (3, 4) (4, 2) (5, 1) (6, 5) 
191: (1, 3) (2, 6) (3, 4) (4, 2) (5, 5) (6, 1) 
192: (1, 4) (2, 1) (3, 5) (4, 2) (5, 6) (6, 3) 
193: (1, 4) (2, 2) (3, 5) (4, 3) (5, 6) (6, 1) 
194: (1, 4) (2, 3) (3, 1) (4, 6) (5, 2) (6, 5) 
195: (1, 4) (2, 3) (3, 1) (4, 6) (5, 5) (6, 2) 
196: (1, 4) (2, 3) (3, 2) (4, 6) (5, 5) (6, 1) 
197: (1, 4) (2, 3) (3, 5) (4, 2) (5, 1) (6, 6) 
198: (1, 4) (2, 6) (3, 1) (4, 3) (5, 5) (6, 2) 
199: (1, 4) (2, 6) (3, 2) (4, 5) (5, 1) (6, 3) 
200: (1, 4) (2, 6) (3, 2) (4, 5) (5, 3) (6, 1) 
201: (1, 4) (2, 6) (3, 3) (4, 2) (5, 1) (6, 5) 
202: (1, 4) (2, 6) (3, 3) (4, 5) (5, 2) (6, 1) 
203: (1, 4) (2, 6) (3, 5) (4, 1) (5, 3) (6, 2) 
204: (1, 4) (2, 6) (3, 5) (4, 2) (5, 1) (6, 3) 
205: (1, 4) (2, 6) (3, 5) (4, 3) (5, 2) (6, 1) 
206: (1, 5) (2, 1) (3, 3) (4, 6) (5, 2) (6, 4) 
207: (1, 5) (2, 1) (3, 4) (4, 6) (5, 3) (6, 2) 
208: (1, 5) (2, 1) (3, 6) (4, 4) (5, 3) (6, 2) 
209: (1, 5) (2, 2) (3, 1) (4, 6) (5, 4) (6, 3) 
210: (1, 5) (2, 2) (3, 4) (4, 6) (5, 1) (6, 3) 
211: (1, 5) (2, 2) (3, 4) (4, 6) (5, 3) (6, 1) 
212: (1, 5) (2, 2) (3, 6) (4, 3) (5, 1) (6, 4) 
213: (1, 5) (2, 3) (3, 1) (4, 6) (5, 4) (6, 2) 
214: (1, 5) (2, 3) (3, 2) (4, 6) (5, 1) (6, 4) 
215: (1, 5) (2, 3) (3, 6) (4, 1) (5, 4) (6, 2) 
216: (1, 5) (2, 3) (3, 6) (4, 2) (5, 4) (6, 1) 
217: (1, 5) (2, 3) (3, 6) (4, 4) (5, 2) (6, 1) 
218: (1, 5) (2, 4) (3, 1) (4, 3) (5, 2) (6, 6) 
219: (1, 5) (2, 4) (3, 1) (4, 3) (5, 6) (6, 2) 
220: (1, 5) (2, 4) (3, 2) (4, 1) (5, 3) (6, 6) 
221: (1, 5) (2, 4) (3, 3) (4, 1) (5, 6) (6, 2) 
222: (1, 5) (2, 4) (3, 3) (4, 2) (5, 6) (6, 1) 
223: (1, 5) (2, 4) (3, 6) (4, 1) (5, 3) (6, 2) 
224: (1, 5) (2, 4) (3, 6) (4, 2) (5, 1) (6, 3) 
225: (1, 5) (2, 4) (3, 6) (4, 3) (5, 2) (6, 1) 
226: (1, 6) (2, 1) (3, 3) (4, 5) (5, 2) (6, 4) 
227: (1, 6) (2, 1) (3, 4) (4, 2) (5, 5) (6, 3) 
228: (1, 6) (2, 1) (3, 5) (4, 4) (5, 3) (6, 2) 
229: (1, 6) (2, 2) (3, 1) (4, 5) (5, 4) (6, 3) 
230: (1, 6) (2, 2) (3, 4) (4, 1) (5, 3) (6, 5) 
231: (1, 6) (2, 2) (3, 5) (4, 3) (5, 1) (6, 4) 
232: (1, 6) (2, 3) (3, 1) (4, 4) (5, 2) (6, 5) 
233: (1, 6) (2, 3) (3, 2) (4, 1) (5, 5) (6, 4) 
234: (1, 6) (2, 3) (3, 5) (4, 1) (5, 4) (6, 2) 
235: (1, 6) (2, 3) (3, 5) (4, 2) (5, 4) (6, 1) 
236: (1, 6) (2, 3) (3, 5) (4, 4) (5, 2) (6, 1) 
237: (1, 6) (2, 4) (3, 1) (4, 3) (5, 5) (6, 2) 
238: (1, 6) (2, 4) (3, 2) (4, 5) (5, 1) (6, 3) 
239: (1, 6) (2, 4) (3, 2) (4, 5) (5, 3) (6, 1) 
240: (1, 6) (2, 4) (3, 3) (4, 2) (5, 1) (6, 5) 
241: (1, 6) (2, 4) (3, 3) (4, 5) (5, 2) (6, 1) 
242: (1, 6) (2, 5) (3, 2) (4, 4) (5, 1) (6, 3) 
243: (1, 6) (2, 5) (3, 2) (4, 4) (5, 3) (6, 1) 
244: (1, 6) (2, 5) (3, 3) (4, 1) (5, 4) (6, 2) 
245: (1, 6) (2, 5) (3, 3) (4, 2) (5, 4) (6, 1) 
246: (1, 6) (2, 5) (3, 4) (4, 1) (5, 3) (6, 2) 
247: (1, 6) (2, 5) (3, 4) (4, 2) (5, 1) (6, 3) 
248: (1, 6) (2, 5) (3, 4) (4, 3) (5, 2) (6, 1) 
